=== ascending  =============================
[0, 2, 9, 14, 21, 26, 32, 34, 39, 40, 40, 48, 51, 54, 60]
- BubbleSort -
0 2 9 14 21 26 32 34 39 40 40 48 51 54 60 
sort: true
- SelectionSort -
0 2 9 14 21 26 32 34 39 40 40 48 51 54 60 
sort: true
- InsertionSort -
0 2 9 14 21 26 32 34 39 40 40 48 51 54 60 
sort: true

=== descending =============================
[61, 61, 61, 52, 48, 47, 45, 37, 32, 27, 19, 12, 11, 6, 0]
- BubbleSort -
61 61 52 61 48 47 45 37 32 27 19 12 11 6 0 
61 61 52 48 61 47 45 37 32 27 19 12 11 6 0 
61 61 52 48 47 61 45 37 32 27 19 12 11 6 0 
61 61 52 48 47 45 61 37 32 27 19 12 11 6 0 
61 61 52 48 47 45 37 61 32 27 19 12 11 6 0 
61 61 52 48 47 45 37 32 61 27 19 12 11 6 0 
61 61 52 48 47 45 37 32 27 61 19 12 11 6 0 
61 61 52 48 47 45 37 32 27 19 61 12 11 6 0 
61 61 52 48 47 45 37 32 27 19 12 61 11 6 0 
61 61 52 48 47 45 37 32 27 19 12 11 61 6 0 
61 61 52 48 47 45 37 32 27 19 12 11 6 61 0 
61 61 52 48 47 45 37 32 27 19 12 11 6 0 61 
61 52 61 48 47 45 37 32 27 19 12 11 6 0 61 
61 52 48 61 47 45 37 32 27 19 12 11 6 0 61 
61 52 48 47 61 45 37 32 27 19 12 11 6 0 61 
61 52 48 47 45 61 37 32 27 19 12 11 6 0 61 
61 52 48 47 45 37 61 32 27 19 12 11 6 0 61 
61 52 48 47 45 37 32 61 27 19 12 11 6 0 61 
61 52 48 47 45 37 32 27 61 19 12 11 6 0 61 
61 52 48 47 45 37 32 27 19 61 12 11 6 0 61 
61 52 48 47 45 37 32 27 19 12 61 11 6 0 61 
61 52 48 47 45 37 32 27 19 12 11 61 6 0 61 
61 52 48 47 45 37 32 27 19 12 11 6 61 0 61 
61 52 48 47 45 37 32 27 19 12 11 6 0 61 61 
52 61 48 47 45 37 32 27 19 12 11 6 0 61 61 
52 48 61 47 45 37 32 27 19 12 11 6 0 61 61 
52 48 47 61 45 37 32 27 19 12 11 6 0 61 61 
52 48 47 45 61 37 32 27 19 12 11 6 0 61 61 
52 48 47 45 37 61 32 27 19 12 11 6 0 61 61 
52 48 47 45 37 32 61 27 19 12 11 6 0 61 61 
52 48 47 45 37 32 27 61 19 12 11 6 0 61 61 
52 48 47 45 37 32 27 19 61 12 11 6 0 61 61 
52 48 47 45 37 32 27 19 12 61 11 6 0 61 61 
52 48 47 45 37 32 27 19 12 11 61 6 0 61 61 
52 48 47 45 37 32 27 19 12 11 6 61 0 61 61 
52 48 47 45 37 32 27 19 12 11 6 0 61 61 61 
48 52 47 45 37 32 27 19 12 11 6 0 61 61 61 
48 47 52 45 37 32 27 19 12 11 6 0 61 61 61 
48 47 45 52 37 32 27 19 12 11 6 0 61 61 61 
48 47 45 37 52 32 27 19 12 11 6 0 61 61 61 
48 47 45 37 32 52 27 19 12 11 6 0 61 61 61 
48 47 45 37 32 27 52 19 12 11 6 0 61 61 61 
48 47 45 37 32 27 19 52 12 11 6 0 61 61 61 
48 47 45 37 32 27 19 12 52 11 6 0 61 61 61 
48 47 45 37 32 27 19 12 11 52 6 0 61 61 61 
48 47 45 37 32 27 19 12 11 6 52 0 61 61 61 
48 47 45 37 32 27 19 12 11 6 0 52 61 61 61 
47 48 45 37 32 27 19 12 11 6 0 52 61 61 61 
47 45 48 37 32 27 19 12 11 6 0 52 61 61 61 
47 45 37 48 32 27 19 12 11 6 0 52 61 61 61 
47 45 37 32 48 27 19 12 11 6 0 52 61 61 61 
47 45 37 32 27 48 19 12 11 6 0 52 61 61 61 
47 45 37 32 27 19 48 12 11 6 0 52 61 61 61 
47 45 37 32 27 19 12 48 11 6 0 52 61 61 61 
47 45 37 32 27 19 12 11 48 6 0 52 61 61 61 
47 45 37 32 27 19 12 11 6 48 0 52 61 61 61 
47 45 37 32 27 19 12 11 6 0 48 52 61 61 61 
45 47 37 32 27 19 12 11 6 0 48 52 61 61 61 
45 37 47 32 27 19 12 11 6 0 48 52 61 61 61 
45 37 32 47 27 19 12 11 6 0 48 52 61 61 61 
45 37 32 27 47 19 12 11 6 0 48 52 61 61 61 
45 37 32 27 19 47 12 11 6 0 48 52 61 61 61 
45 37 32 27 19 12 47 11 6 0 48 52 61 61 61 
45 37 32 27 19 12 11 47 6 0 48 52 61 61 61 
45 37 32 27 19 12 11 6 47 0 48 52 61 61 61 
45 37 32 27 19 12 11 6 0 47 48 52 61 61 61 
37 45 32 27 19 12 11 6 0 47 48 52 61 61 61 
37 32 45 27 19 12 11 6 0 47 48 52 61 61 61 
37 32 27 45 19 12 11 6 0 47 48 52 61 61 61 
37 32 27 19 45 12 11 6 0 47 48 52 61 61 61 
37 32 27 19 12 45 11 6 0 47 48 52 61 61 61 
37 32 27 19 12 11 45 6 0 47 48 52 61 61 61 
37 32 27 19 12 11 6 45 0 47 48 52 61 61 61 
37 32 27 19 12 11 6 0 45 47 48 52 61 61 61 
32 37 27 19 12 11 6 0 45 47 48 52 61 61 61 
32 27 37 19 12 11 6 0 45 47 48 52 61 61 61 
32 27 19 37 12 11 6 0 45 47 48 52 61 61 61 
32 27 19 12 37 11 6 0 45 47 48 52 61 61 61 
32 27 19 12 11 37 6 0 45 47 48 52 61 61 61 
32 27 19 12 11 6 37 0 45 47 48 52 61 61 61 
32 27 19 12 11 6 0 37 45 47 48 52 61 61 61 
27 32 19 12 11 6 0 37 45 47 48 52 61 61 61 
27 19 32 12 11 6 0 37 45 47 48 52 61 61 61 
27 19 12 32 11 6 0 37 45 47 48 52 61 61 61 
27 19 12 11 32 6 0 37 45 47 48 52 61 61 61 
27 19 12 11 6 32 0 37 45 47 48 52 61 61 61 
27 19 12 11 6 0 32 37 45 47 48 52 61 61 61 
19 27 12 11 6 0 32 37 45 47 48 52 61 61 61 
19 12 27 11 6 0 32 37 45 47 48 52 61 61 61 
19 12 11 27 6 0 32 37 45 47 48 52 61 61 61 
19 12 11 6 27 0 32 37 45 47 48 52 61 61 61 
19 12 11 6 0 27 32 37 45 47 48 52 61 61 61 
12 19 11 6 0 27 32 37 45 47 48 52 61 61 61 
12 11 19 6 0 27 32 37 45 47 48 52 61 61 61 
12 11 6 19 0 27 32 37 45 47 48 52 61 61 61 
12 11 6 0 19 27 32 37 45 47 48 52 61 61 61 
11 12 6 0 19 27 32 37 45 47 48 52 61 61 61 
11 6 12 0 19 27 32 37 45 47 48 52 61 61 61 
11 6 0 12 19 27 32 37 45 47 48 52 61 61 61 
6 11 0 12 19 27 32 37 45 47 48 52 61 61 61 
6 0 11 12 19 27 32 37 45 47 48 52 61 61 61 
0 6 11 12 19 27 32 37 45 47 48 52 61 61 61 
0 6 11 12 19 27 32 37 45 47 48 52 61 61 61 
sort: true
- SelectionSort -
0 6 11 12 19 27 32 37 45 47 48 52 61 61 61 
sort: true
- InsertionSort -
0 6 11 12 19 27 32 37 45 47 48 52 61 61 61 
sort: true

=== random     =============================
[24, 14, 38, 37, 27, 27, 1, 37, 35, 11, 27, 31, 5, 3, 9]
- BubbleSort -
14 24 38 37 27 27 1 37 35 11 27 31 5 3 9 
14 24 37 38 27 27 1 37 35 11 27 31 5 3 9 
14 24 37 27 38 27 1 37 35 11 27 31 5 3 9 
14 24 37 27 27 38 1 37 35 11 27 31 5 3 9 
14 24 37 27 27 1 38 37 35 11 27 31 5 3 9 
14 24 37 27 27 1 37 38 35 11 27 31 5 3 9 
14 24 37 27 27 1 37 35 38 11 27 31 5 3 9 
14 24 37 27 27 1 37 35 11 38 27 31 5 3 9 
14 24 37 27 27 1 37 35 11 27 38 31 5 3 9 
14 24 37 27 27 1 37 35 11 27 31 38 5 3 9 
14 24 37 27 27 1 37 35 11 27 31 5 38 3 9 
14 24 37 27 27 1 37 35 11 27 31 5 3 38 9 
14 24 37 27 27 1 37 35 11 27 31 5 3 9 38 
14 24 27 37 27 1 37 35 11 27 31 5 3 9 38 
14 24 27 27 37 1 37 35 11 27 31 5 3 9 38 
14 24 27 27 1 37 37 35 11 27 31 5 3 9 38 
14 24 27 27 1 37 35 37 11 27 31 5 3 9 38 
14 24 27 27 1 37 35 11 37 27 31 5 3 9 38 
14 24 27 27 1 37 35 11 27 37 31 5 3 9 38 
14 24 27 27 1 37 35 11 27 31 37 5 3 9 38 
14 24 27 27 1 37 35 11 27 31 5 37 3 9 38 
14 24 27 27 1 37 35 11 27 31 5 3 37 9 38 
14 24 27 27 1 37 35 11 27 31 5 3 9 37 38 
14 24 27 1 27 37 35 11 27 31 5 3 9 37 38 
14 24 27 1 27 35 37 11 27 31 5 3 9 37 38 
14 24 27 1 27 35 11 37 27 31 5 3 9 37 38 
14 24 27 1 27 35 11 27 37 31 5 3 9 37 38 
14 24 27 1 27 35 11 27 31 37 5 3 9 37 38 
14 24 27 1 27 35 11 27 31 5 37 3 9 37 38 
14 24 27 1 27 35 11 27 31 5 3 37 9 37 38 
14 24 27 1 27 35 11 27 31 5 3 9 37 37 38 
14 24 1 27 27 35 11 27 31 5 3 9 37 37 38 
14 24 1 27 27 11 35 27 31 5 3 9 37 37 38 
14 24 1 27 27 11 27 35 31 5 3 9 37 37 38 
14 24 1 27 27 11 27 31 35 5 3 9 37 37 38 
14 24 1 27 27 11 27 31 5 35 3 9 37 37 38 
14 24 1 27 27 11 27 31 5 3 35 9 37 37 38 
14 24 1 27 27 11 27 31 5 3 9 35 37 37 38 
14 1 24 27 27 11 27 31 5 3 9 35 37 37 38 
14 1 24 27 11 27 27 31 5 3 9 35 37 37 38 
14 1 24 27 11 27 27 5 31 3 9 35 37 37 38 
14 1 24 27 11 27 27 5 3 31 9 35 37 37 38 
14 1 24 27 11 27 27 5 3 9 31 35 37 37 38 
1 14 24 27 11 27 27 5 3 9 31 35 37 37 38 
1 14 24 11 27 27 27 5 3 9 31 35 37 37 38 
1 14 24 11 27 27 5 27 3 9 31 35 37 37 38 
1 14 24 11 27 27 5 3 27 9 31 35 37 37 38 
1 14 24 11 27 27 5 3 9 27 31 35 37 37 38 
1 14 11 24 27 27 5 3 9 27 31 35 37 37 38 
1 14 11 24 27 5 27 3 9 27 31 35 37 37 38 
1 14 11 24 27 5 3 27 9 27 31 35 37 37 38 
1 14 11 24 27 5 3 9 27 27 31 35 37 37 38 
1 11 14 24 27 5 3 9 27 27 31 35 37 37 38 
1 11 14 24 5 27 3 9 27 27 31 35 37 37 38 
1 11 14 24 5 3 27 9 27 27 31 35 37 37 38 
1 11 14 24 5 3 9 27 27 27 31 35 37 37 38 
1 11 14 5 24 3 9 27 27 27 31 35 37 37 38 
1 11 14 5 3 24 9 27 27 27 31 35 37 37 38 
1 11 14 5 3 9 24 27 27 27 31 35 37 37 38 
1 11 5 14 3 9 24 27 27 27 31 35 37 37 38 
1 11 5 3 14 9 24 27 27 27 31 35 37 37 38 
1 11 5 3 9 14 24 27 27 27 31 35 37 37 38 
1 5 11 3 9 14 24 27 27 27 31 35 37 37 38 
1 5 3 11 9 14 24 27 27 27 31 35 37 37 38 
1 5 3 9 11 14 24 27 27 27 31 35 37 37 38 
1 3 5 9 11 14 24 27 27 27 31 35 37 37 38 
1 3 5 9 11 14 24 27 27 27 31 35 37 37 38 
sort: true
- SelectionSort -
1 3 5 9 11 14 24 27 27 27 31 35 37 37 38 
sort: true
- InsertionSort -
1 3 5 9 11 14 24 27 27 27 31 35 37 37 38 
sort: true

