=== ascending  =============================
[0, 6, 12, 15, 24, 33, 41, 43, 45, 49]
- InsertionSortX -
0 6 12 15 24 33 41 43 45 49 
- ShellSort -
0 6 12 15 24 33 41 43 45 49 
- OriginalShellSort -
0 6 12 15 24 33 41 43 45 49 
=== descending =============================
[44, 37, 34, 34, 34, 27, 26, 17, 9, 0]
- InsertionSortX -
0 9 17 26 27 34 34 34 37 44 
- ShellSort -
0 9 17 26 27 34 34 34 37 44 
- OriginalShellSort -
0 9 17 26 27 34 34 34 37 44 
=== random     =============================
[16, 9, 24, 26, 3, 5, 18, 7, 19, 6]
- InsertionSortX -
3 5 6 7 9 16 18 19 24 26 
- ShellSort -
3 5 6 7 9 16 18 19 24 26 
- OriginalShellSort -
3 5 6 7 9 16 18 19 24 26 
